1821.000
1819.000
1791.000
1761.000
1829.000
1812.000
1740.000
1757.000
1768.000
1754.000
1787.000
1772.000
1799.000
1763.000
1819.000
1809.000
1846.000
1826.000
1812.000
1796.000
1807.000
1711.000
1827.000
1785.000
1810.000
1786.000
1858.000
1893.000
1835.000
1712.000
1851.000
1798.000
1780.000
1784.000
1856.000
1800.000
1770.000
1842.000
1811.000
1748.000
1809.000
1873.000
1799.000
1850.000
1794.000
1751.000
1826.000
1754.000
1817.000
1784.000
1861.000
1835.000
1820.000
1851.000
1836.000
1839.000
1828.000
1764.000
1841.000
1808.000
1816.000
1782.000
1771.000
1827.000
1764.000
1910.000
1767.000
1870.000
1828.000
1842.000
1772.000
1785.000
1814.000
1781.000
1796.000
1846.000
1811.000
1825.000
1832.000
1827.000
1762.000
1832.000
1763.000
1808.000
1820.000
1797.000
1833.000
1800.000
1824.000
1786.000
1772.000
1832.000
1851.000
1712.000
1757.000
1811.000
1757.000
1809.000
1753.000
1828.000
1843.000
1739.000
1888.000
1847.000
1799.000
1896.000
1776.000
1782.000
1795.000
1759.000
1795.000
1693.000
1792.000
1808.000
1823.000
1779.000
1866.000
1769.000
1777.000
1827.000
1851.000
1825.000
1811.000
1816.000
1739.000
1812.000
1721.000
1766.000
1796.000
1763.000
1811.000
1858.000
1793.000
1834.000
1869.000
1870.000
1753.000
1826.000
1762.000
1841.000
1790.000
1885.000
1767.000
1876.000
1765.000
1833.000
1802.000
1751.000
1777.000
1803.000
1801.000
1813.000
1741.000
1787.000
1831.000
1917.000
1789.000
1839.000
1788.000
1800.000
1889.000
1883.000
1743.000
1791.000
1867.000
1743.000
1882.000
1759.000
1790.000
1695.000
1762.000
1783.000
1805.000
1826.000
1779.000
1748.000
1854.000
1737.000
1820.000
1830.000
1785.000
1761.000
1814.000
1818.000
1787.000
1854.000
1879.000
1819.000
1843.000
1853.000
1799.000
1745.000
1803.000
1813.000
1808.000
1763.000
1902.000
1831.000
1739.000
1731.000
