8325.000
8143.000
8174.000
8086.000
8215.000
8116.000
8156.000
8049.000
8062.000
8202.000
8178.000
8247.000
8053.000
8237.000
8142.000
8251.000
8096.000
8159.000
8168.000
8196.000
8057.000
8076.000
8337.000
8175.000
8001.000
8282.000
8098.000
8158.000
8159.000
8040.000
8193.000
8087.000
8171.000
8152.000
8293.000
8317.000
8216.000
8101.000
7983.000
8156.000
8246.000
8258.000
7978.000
8156.000
8141.000
8063.000
8236.000
8184.000
8195.000
8198.000
8262.000
8238.000
8111.000
8091.000
8128.000
8020.000
8236.000
8199.000
8231.000
8192.000
8234.000
8176.000
8203.000
8138.000
8115.000
8253.000
8087.000
8315.000
8258.000
7927.000
8049.000
8305.000
8299.000
8150.000
8087.000
8143.000
8327.000
8260.000
8091.000
8184.000
8154.000
8114.000
7984.000
8041.000
7955.000
8207.000
8114.000
7971.000
8038.000
8268.000
7937.000
8189.000
8266.000
8046.000
7823.000
7987.000
8445.000
8220.000
7962.000
8036.000
8133.000
8023.000
8099.000
8121.000
8194.000
8145.000
8271.000
8248.000
8189.000
8124.000
8187.000
8336.000
8098.000
8109.000
8053.000
8184.000
8160.000
8209.000
8152.000
8038.000
8157.000
8138.000
8240.000
8182.000
8159.000
8103.000
8189.000
8200.000
8153.000
8102.000
8118.000
8247.000
8207.000
8097.000
8019.000
8013.000
7987.000
7988.000
8221.000
8243.000
8104.000
8097.000
8270.000
8081.000
8184.000
8137.000
8292.000
8248.000
8120.000
8119.000
8193.000
8225.000
7891.000
8036.000
8186.000
8271.000
8199.000
8183.000
8235.000
8147.000
8067.000
8112.000
8052.000
8249.000
7970.000
8107.000
7980.000
8023.000
8105.000
8090.000
8183.000
8216.000
8213.000
8181.000
8124.000
8175.000
8270.000
7999.000
8173.000
8309.000
8237.000
8097.000
8251.000
8085.000
8074.000
8217.000
8106.000
8172.000
8179.000
8030.000
8195.000
8204.000
8188.000
8159.000
8138.000
8048.000
8207.000
8158.000
8115.000
8188.000
