1460.000
1486.000
1545.000
1444.000
1525.000
1436.000
1496.000
1438.000
1498.000
1454.000
1481.000
1569.000
1498.000
1464.000
1499.000
1491.000
1540.000
1422.000
1459.000
1508.000
1492.000
1536.000
1497.000
1502.000
1493.000
1463.000
1511.000
1528.000
1436.000
1525.000
1453.000
1458.000
1422.000
1474.000
1528.000
1515.000
1499.000
1464.000
1490.000
1482.000
1515.000
1558.000
1470.000
1466.000
1518.000
1441.000
1544.000
1457.000
1479.000
1478.000
1497.000
1456.000
1504.000
1428.000
1436.000
1456.000
1511.000
1541.000
1448.000
1453.000
1449.000
1531.000
1484.000
1458.000
1458.000
1479.000
1557.000
1547.000
1454.000
1535.000
1450.000
1502.000
1524.000
1489.000
1464.000
1486.000
1551.000
1413.000
1529.000
1503.000
1486.000
1437.000
1462.000
1522.000
1472.000
1437.000
1522.000
1543.000
1480.000
1455.000
1519.000
1469.000
1459.000
1456.000
1508.000
1470.000
1473.000
1446.000
1476.000
1480.000
1404.000
1498.000
1529.000
1463.000
1470.000
1514.000
1529.000
1455.000
1486.000
1504.000
1469.000
1469.000
1540.000
1463.000
1507.000
1560.000
1473.000
1533.000
1479.000
1548.000
1388.000
1502.000
1547.000
1468.000
1515.000
1526.000
1490.000
1521.000
1461.000
1438.000
1511.000
1523.000
1487.000
1526.000
1523.000
1444.000
1478.000
1484.000
1421.000
1479.000
1536.000
1542.000
1450.000
1486.000
1545.000
1427.000
1492.000
1475.000
1494.000
1461.000
1513.000
1504.000
1477.000
1529.000
1439.000
1486.000
1523.000
1413.000
1463.000
1455.000
1477.000
1465.000
1485.000
1424.000
1504.000
1527.000
1524.000
1448.000
1509.000
1466.000
1481.000
1455.000
1550.000
1541.000
1540.000
1540.000
1468.000
1560.000
1496.000
1462.000
1455.000
1478.000
1483.000
1429.000
1424.000
1448.000
1494.000
1427.000
1534.000
1498.000
1516.000
1493.000
1467.000
1490.000
1475.000
1507.000
1462.000
1443.000
1488.000
1476.000
