59.000
75.000
72.000
59.000
63.000
74.000
77.000
77.000
81.000
67.000
71.000
70.000
61.000
66.000
76.000
69.000
59.000
83.000
71.000
64.000
60.000
69.000
59.000
73.000
70.000
66.000
50.000
70.000
72.000
76.000
63.000
60.000
64.000
76.000
65.000
85.000
88.000
73.000
77.000
84.000
77.000
88.000
76.000
52.000
80.000
76.000
67.000
71.000
77.000
67.000
93.000
78.000
63.000
69.000
80.000
68.000
72.000
76.000
66.000
72.000
67.000
81.000
86.000
65.000
71.000
64.000
82.000
80.000
53.000
61.000
78.000
64.000
80.000
71.000
77.000
69.000
94.000
63.000
52.000
75.000
69.000
69.000
70.000
73.000
85.000
71.000
75.000
64.000
84.000
70.000
77.000
64.000
75.000
76.000
85.000
66.000
68.000
79.000
86.000
75.000
