529.000
542.000
495.000
487.000
537.000
463.000
512.000
556.000
512.000
514.000
496.000
493.000
504.000
497.000
541.000
508.000
531.000
562.000
490.000
501.000
503.000
485.000
516.000
505.000
496.000
516.000
497.000
510.000
525.000
555.000
506.000
534.000
524.000
489.000
493.000
508.000
521.000
486.000
476.000
532.000
517.000
524.000
498.000
530.000
510.000
540.000
500.000
516.000
476.000
493.000
530.000
503.000
531.000
489.000
544.000
557.000
562.000
519.000
499.000
518.000
511.000
535.000
530.000
548.000
512.000
524.000
526.000
518.000
499.000
483.000
533.000
519.000
508.000
507.000
503.000
533.000
527.000
514.000
518.000
516.000
470.000
455.000
519.000
494.000
526.000
488.000
510.000
548.000
533.000
513.000
491.000
472.000
525.000
519.000
476.000
550.000
506.000
516.000
498.000
494.000
