17.000
13.000
14.000
13.000
16.000
17.000
13.000
14.000
18.000
8.000
22.000
16.000
14.000
15.000
13.000
18.000
17.000
22.000
22.000
15.000
13.000
14.000
15.000
14.000
12.000
18.000
22.000
17.000
16.000
9.000
12.000
11.000
20.000
20.000
17.000
8.000
21.000
14.000
19.000
15.000
10.000
17.000
7.000
18.000
13.000
15.000
22.000
16.000
14.000
16.000
23.000
10.000
13.000
15.000
16.000
15.000
16.000
7.000
16.000
19.000
15.000
13.000
15.000
17.000
17.000
21.000
9.000
20.000
13.000
12.000
16.000
10.000
14.000
13.000
18.000
17.000
18.000
16.000
10.000
18.000
22.000
21.000
15.000
19.000
14.000
18.000
12.000
12.000
15.000
20.000
17.000
14.000
11.000
12.000
17.000
21.000
19.000
15.000
15.000
16.000
