3348.000
3364.000
3297.000
3368.000
3337.000
3463.000
3358.000
3471.000
3485.000
3399.000
3460.000
3371.000
3312.000
3368.000
3342.000
3346.000
3338.000
3434.000
3375.000
3401.000
3537.000
3407.000
3295.000
3396.000
3472.000
3466.000
3391.000
3356.000
3382.000
3437.000
3373.000
3431.000
3375.000
3409.000
3362.000
3318.000
3409.000
3385.000
3405.000
3303.000
3399.000
3330.000
3447.000
3407.000
3371.000
3364.000
3376.000
3370.000
3338.000
3466.000
3423.000
3430.000
3414.000
3263.000
3331.000
3405.000
3353.000
3414.000
3399.000
3500.000
3347.000
3476.000
3424.000
3411.000
3449.000
3414.000
3484.000
3398.000
3341.000
3388.000
3539.000
3409.000
3466.000
3416.000
3452.000
3363.000
3378.000
3398.000
3355.000
3423.000
3413.000
3386.000
3365.000
3481.000
3341.000
3452.000
3385.000
3365.000
3363.000
3469.000
3493.000
3393.000
3515.000
3396.000
3510.000
3355.000
3389.000
3519.000
3422.000
3344.000
