316.000
304.000
281.000
269.000
279.000
301.000
287.000
306.000
272.000
283.000
306.000
314.000
274.000
291.000
295.000
284.000
314.000
276.000
312.000
304.000
270.000
324.000
295.000
277.000
291.000
292.000
305.000
336.000
297.000
296.000
299.000
321.000
303.000
324.000
304.000
290.000
287.000
274.000
315.000
293.000
307.000
289.000
289.000
323.000
293.000
286.000
294.000
310.000
263.000
269.000
286.000
332.000
299.000
276.000
289.000
287.000
273.000
316.000
314.000
285.000
275.000
288.000
281.000
271.000
305.000
275.000
261.000
294.000
301.000
313.000
284.000
291.000
246.000
286.000
280.000
279.000
274.000
272.000
272.000
305.000
274.000
302.000
292.000
276.000
295.000
311.000
297.000
300.000
313.000
247.000
279.000
289.000
307.000
293.000
295.000
283.000
273.000
301.000
297.000
317.000
