1095.000
1116.000
1090.000
1090.000
1065.000
1067.000
1058.000
1102.000
1200.000
1086.000
1108.000
1095.000
1051.000
1111.000
1083.000
1092.000
1130.000
1105.000
1082.000
1128.000
1069.000
1043.000
1038.000
1042.000
1031.000
1086.000
1041.000
1081.000
1101.000
1024.000
1135.000
1126.000
1096.000
1078.000
1091.000
1071.000
1097.000
1083.000
1155.000
1097.000
1053.000
1061.000
1154.000
1099.000
1132.000
1097.000
1103.000
1111.000
1055.000
1069.000
1063.000
1038.000
1033.000
1072.000
1023.000
1157.000
1146.000
1033.000
1095.000
1035.000
1115.000
1049.000
1125.000
1016.000
1113.000
1083.000
1060.000
1083.000
1015.000
1064.000
1081.000
1159.000
1072.000
1093.000
1059.000
1035.000
1093.000
1056.000
1142.000
1037.000
1054.000
1093.000
1110.000
1087.000
1135.000
1095.000
1116.000
1073.000
1055.000
1075.000
1081.000
1125.000
1109.000
1048.000
1060.000
1092.000
1075.000
1136.000
1066.000
1132.000
