1958.000
1944.000
1967.000
2024.000
2075.000
1942.000
1963.000
2052.000
1953.000
1907.000
2058.000
1999.000
1991.000
2035.000
2051.000
1958.000
2028.000
1988.000
2004.000
2027.000
2026.000
1981.000
1947.000
1990.000
1964.000
1984.000
2020.000
2042.000
1981.000
2006.000
2056.000
1964.000
1979.000
2019.000
1964.000
1982.000
2002.000
1962.000
1986.000
2029.000
2028.000
2021.000
1924.000
2074.000
2052.000
1972.000
1983.000
2018.000
2026.000
1992.000
1929.000
1953.000
2033.000
1980.000
2099.000
2000.000
2011.000
1927.000
1938.000
2004.000
2043.000
1986.000
1949.000
1997.000
2025.000
1953.000
2029.000
2002.000
2022.000
1983.000
1949.000
2014.000
2021.000
1905.000
1990.000
1932.000
2031.000
2015.000
1988.000
2011.000
1988.000
1913.000
1985.000
2022.000
1995.000
1963.000
1977.000
2033.000
1931.000
1959.000
2018.000
1977.000
1999.000
2017.000
1915.000
1991.000
2010.000
2002.000
2021.000
2042.000
