130.000
136.000
154.000
126.000
133.000
143.000
139.000
143.000
139.000
123.000
110.000
135.000
109.000
135.000
150.000
129.000
137.000
132.000
148.000
127.000
128.000
123.000
125.000
130.000
132.000
156.000
151.000
124.000
117.000
125.000
131.000
138.000
126.000
126.000
133.000
144.000
113.000
146.000
137.000
103.000
133.000
131.000
130.000
121.000
129.000
133.000
128.000
132.000
123.000
126.000
139.000
128.000
121.000
105.000
128.000
107.000
129.000
132.000
147.000
131.000
135.000
123.000
152.000
135.000
145.000
141.000
122.000
133.000
143.000
158.000
136.000
121.000
113.000
128.000
112.000
134.000
120.000
138.000
113.000
135.000
136.000
145.000
152.000
148.000
129.000
134.000
119.000
129.000
122.000
156.000
109.000
128.000
116.000
110.000
128.000
127.000
110.000
124.000
127.000
147.000
