21.000
10.000
23.000
18.000
24.000
26.000
16.000
21.000
17.000
23.000
22.000
22.000
19.000
17.000
17.000
23.000
19.000
22.000
33.000
24.000
28.000
20.000
23.000
25.000
24.000
23.000
26.000
20.000
19.000
22.000
29.000
25.000
18.000
15.000
31.000
24.000
22.000
12.000
21.000
22.000
26.000
28.000
27.000
16.000
16.000
16.000
24.000
20.000
19.000
18.000
31.000
23.000
30.000
15.000
17.000
23.000
27.000
20.000
22.000
23.000
24.000
16.000
25.000
21.000
23.000
23.000
23.000
20.000
17.000
23.000
23.000
24.000
27.000
26.000
14.000
19.000
18.000
14.000
24.000
19.000
29.000
21.000
19.000
24.000
28.000
33.000
27.000
13.000
17.000
21.000
19.000
13.000
14.000
13.000
26.000
25.000
25.000
12.000
20.000
25.000
