15.000
14.000
15.000
13.000
9.000
12.000
11.000
9.000
9.000
16.000
12.000
9.000
22.000
13.000
13.000
17.000
12.000
14.000
9.000
16.000
11.000
14.000
16.000
8.000
14.000
11.000
13.000
10.000
10.000
7.000
5.000
9.000
18.000
15.000
18.000
9.000
11.000
20.000
13.000
12.000
11.000
10.000
13.000
21.000
12.000
15.000
13.000
6.000
7.000
11.000
12.000
12.000
19.000
14.000
15.000
15.000
10.000
11.000
10.000
14.000
16.000
10.000
17.000
16.000
12.000
18.000
10.000
10.000
10.000
12.000
8.000
8.000
12.000
10.000
14.000
7.000
12.000
6.000
10.000
9.000
11.000
14.000
6.000
14.000
13.000
9.000
15.000
7.000
9.000
14.000
15.000
16.000
10.000
12.000
10.000
6.000
8.000
6.000
13.000
16.000
