35.000
40.000
54.000
46.000
38.000
38.000
56.000
43.000
43.000
33.000
46.000
43.000
39.000
43.000
37.000
52.000
57.000
40.000
41.000
49.000
51.000
45.000
59.000
47.000
51.000
45.000
51.000
42.000
61.000
36.000
47.000
41.000
54.000
50.000
48.000
47.000
37.000
45.000
44.000
36.000
47.000
49.000
41.000
41.000
47.000
45.000
38.000
40.000
36.000
50.000
37.000
47.000
41.000
54.000
31.000
43.000
46.000
41.000
37.000
46.000
51.000
51.000
43.000
53.000
46.000
38.000
48.000
46.000
44.000
50.000
44.000
39.000
56.000
34.000
42.000
50.000
45.000
52.000
49.000
37.000
52.000
47.000
51.000
48.000
39.000
60.000
38.000
47.000
53.000
36.000
50.000
43.000
40.000
41.000
42.000
49.000
53.000
54.000
40.000
39.000
