6859.000
7041.000
6901.000
6864.000
6987.000
6819.000
7003.000
6884.000
6778.000
6933.000
6838.000
6793.000
6952.000
6924.000
6781.000
6935.000
6734.000
6715.000
6882.000
6935.000
6735.000
6858.000
6979.000
6890.000
6790.000
6855.000
6917.000
6958.000
6935.000
7030.000
6911.000
6959.000
7013.000
6799.000
6725.000
6728.000
6822.000
6979.000
6777.000
6790.000
6843.000
6914.000
6852.000
6793.000
6843.000
6885.000
6871.000
6838.000
6897.000
6860.000
6887.000
6835.000
6949.000
6922.000
6914.000
6918.000
6882.000
6800.000
6906.000
6875.000
6926.000
6831.000
6973.000
6847.000
6830.000
6814.000
6959.000
6839.000
6857.000
6852.000
7084.000
6791.000
6900.000
6897.000
6852.000
6981.000
6902.000
6929.000
6952.000
6950.000
6913.000
6921.000
6801.000
7061.000
6859.000
6820.000
6793.000
6787.000
6850.000
6836.000
6936.000
6982.000
6793.000
6765.000
6888.000
6810.000
6880.000
6800.000
6881.000
6788.000
