26.000
23.000
34.000
33.000
31.000
33.000
30.000
28.000
24.000
19.000
33.000
29.000
22.000
24.000
14.000
23.000
32.000
27.000
31.000
24.000
33.000
33.000
28.000
39.000
39.000
37.000
26.000
28.000
22.000
38.000
35.000
40.000
26.000
34.000
22.000
35.000
27.000
25.000
30.000
23.000
25.000
27.000
21.000
30.000
30.000
37.000
45.000
31.000
27.000
31.000
28.000
34.000
28.000
30.000
27.000
20.000
35.000
27.000
37.000
32.000
25.000
32.000
27.000
26.000
29.000
26.000
18.000
22.000
31.000
24.000
29.000
22.000
35.000
20.000
31.000
27.000
26.000
33.000
31.000
26.000
32.000
34.000
25.000
32.000
25.000
24.000
33.000
35.000
32.000
32.000
30.000
21.000
23.000
29.000
29.000
18.000
33.000
30.000
25.000
24.000
