10851.000
10831.000
10869.000
11021.000
10824.000
10825.000
11042.000
10814.000
11027.000
10934.000
10910.000
10735.000
10918.000
10943.000
10702.000
10786.000
11045.000
10772.000
10928.000
10921.000
11045.000
10774.000
10920.000
10706.000
10943.000
10765.000
11014.000
10884.000
10819.000
10819.000
10817.000
10867.000
10888.000
10877.000
10669.000
10935.000
10909.000
10899.000
11086.000
10896.000
10985.000
10870.000
11019.000
10799.000
10716.000
10999.000
10916.000
10591.000
10838.000
10846.000
10906.000
10962.000
10906.000
10726.000
10945.000
10996.000
10883.000
10770.000
10947.000
10750.000
10816.000
10826.000
10905.000
10915.000
11090.000
10862.000
10845.000
10951.000
10916.000
10742.000
10744.000
11018.000
10936.000
11067.000
10958.000
10756.000
10934.000
10990.000
10984.000
10810.000
10928.000
10910.000
11019.000
10720.000
10788.000
10839.000
11153.000
10845.000
10949.000
10764.000
10976.000
11046.000
10905.000
10783.000
10946.000
10822.000
10921.000
10872.000
10953.000
11128.000
