7007.000
6995.000
7120.000
6897.000
7000.000
6990.000
6916.000
6858.000
6992.000
6966.000
6957.000
6897.000
6976.000
7059.000
6975.000
7048.000
6821.000
6937.000
6912.000
6892.000
6976.000
6916.000
6878.000
6850.000
6896.000
7018.000
7021.000
6945.000
6870.000
7047.000
6984.000
6874.000
7093.000
6970.000
6963.000
6991.000
6882.000
6925.000
6966.000
7147.000
6858.000
6882.000
7009.000
7047.000
6977.000
6932.000
7036.000
6933.000
6930.000
6943.000
6990.000
6898.000
7006.000
6899.000
6863.000
6972.000
6984.000
6951.000
6851.000
6859.000
6950.000
6927.000
7028.000
6961.000
7019.000
7042.000
6973.000
6925.000
7085.000
6948.000
