76.000
70.000
55.000
64.000
55.000
70.000
82.000
62.000
64.000
66.000
83.000
76.000
79.000
92.000
77.000
67.000
79.000
87.000
78.000
82.000
78.000
66.000
81.000
65.000
76.000
72.000
76.000
88.000
70.000
68.000
61.000
77.000
74.000
71.000
74.000
67.000
47.000
63.000
79.000
73.000
65.000
69.000
73.000
87.000
82.000
75.000
74.000
76.000
75.000
69.000
77.000
78.000
67.000
81.000
67.000
52.000
68.000
106.000
67.000
83.000
77.000
58.000
64.000
86.000
64.000
74.000
67.000
85.000
66.000
66.000
83.000
63.000
71.000
69.000
83.000
76.000
66.000
70.000
83.000
67.000
74.000
71.000
61.000
62.000
81.000
86.000
104.000
74.000
62.000
71.000
84.000
60.000
73.000
63.000
73.000
79.000
70.000
68.000
76.000
72.000
68.000
69.000
62.000
79.000
79.000
58.000
75.000
72.000
77.000
89.000
67.000
78.000
77.000
68.000
71.000
72.000
82.000
63.000
82.000
76.000
63.000
72.000
68.000
84.000
76.000
81.000
76.000
70.000
75.000
81.000
76.000
70.000
79.000
77.000
78.000
70.000
73.000
90.000
89.000
62.000
71.000
86.000
65.000
73.000
63.000
89.000
73.000
68.000
68.000
81.000
76.000
62.000
67.000
73.000
86.000
64.000
58.000
79.000
80.000
76.000
83.000
86.000
75.000
75.000
66.000
67.000
79.000
84.000
68.000
67.000
77.000
55.000
55.000
67.000
75.000
60.000
73.000
85.000
69.000
76.000
80.000
62.000
75.000
58.000
61.000
70.000
79.000
57.000
64.000
72.000
76.000
78.000
71.000
65.000
83.000
71.000
64.000
62.000
74.000
61.000
71.000
82.000
57.000
72.000
74.000
74.000
81.000
74.000
81.000
79.000
70.000
88.000
69.000
80.000
69.000
66.000
75.000
65.000
73.000
65.000
75.000
70.000
73.000
61.000
71.000
72.000
75.000
74.000
83.000
68.000
85.000
81.000
65.000
62.000
73.000
52.000
69.000
65.000
71.000
69.000
72.000
84.000
70.000
83.000
69.000
75.000
78.000
61.000
79.000
86.000
68.000
83.000
72.000
82.000
63.000
75.000
74.000
71.000
76.000
81.000
74.000
90.000
53.000
75.000
87.000
84.000
67.000
73.000
69.000
63.000
61.000
72.000
62.000
77.000
88.000
63.000
69.000
75.000
69.000
76.000
68.000
77.000
69.000
73.000
76.000
66.000
81.000
74.000
72.000
78.000
71.000
60.000
72.000
71.000
75.000
78.000
69.000
70.000
67.000
72.000
71.000
72.000
96.000
66.000
75.000
72.000
50.000
73.000
71.000
81.000
65.000
64.000
65.000
86.000
82.000
72.000
83.000
69.000
83.000
60.000
76.000
73.000
64.000
58.000
73.000
72.000
70.000
80.000
64.000
55.000
60.000
74.000
90.000
70.000
67.000
78.000
71.000
71.000
73.000
82.000
