3444.000
3464.000
3462.000
3429.000
3377.000
3368.000
3429.000
3469.000
3459.000
3373.000
3470.000
3492.000
3476.000
3454.000
3511.000
3579.000
3475.000
3466.000
3446.000
3505.000
3468.000
3532.000
3398.000
3365.000
3462.000
3456.000
3467.000
3478.000
3422.000
3484.000
3376.000
3416.000
3338.000
3469.000
3351.000
3419.000
3473.000
3460.000
3427.000
3438.000
3439.000
3402.000
3446.000
3508.000
3389.000
3481.000
3429.000
3459.000
3419.000
3573.000
3458.000
3514.000
3412.000
3452.000
3557.000
3528.000
3417.000
3421.000
3404.000
3433.000
3429.000
3465.000
3516.000
3515.000
3442.000
3445.000
3435.000
3488.000
3508.000
3472.000
