45.000
39.000
43.000
50.000
46.000
53.000
51.000
49.000
56.000
45.000
44.000
44.000
44.000
45.000
45.000
32.000
46.000
43.000
62.000
41.000
49.000
49.000
47.000
45.000
42.000
43.000
41.000
33.000
51.000
51.000
44.000
41.000
47.000
52.000
39.000
44.000
48.000
51.000
55.000
45.000
45.000
50.000
48.000
39.000
43.000
37.000
56.000
60.000
41.000
38.000
39.000
38.000
40.000
54.000
42.000
51.000
50.000
48.000
54.000
39.000
56.000
49.000
53.000
32.000
46.000
47.000
45.000
42.000
54.000
43.000
42.000
59.000
59.000
39.000
52.000
52.000
60.000
56.000
55.000
66.000
49.000
49.000
54.000
39.000
40.000
42.000
50.000
55.000
46.000
44.000
42.000
40.000
47.000
48.000
42.000
46.000
43.000
56.000
42.000
64.000
50.000
46.000
52.000
31.000
45.000
54.000
42.000
49.000
44.000
36.000
48.000
35.000
31.000
28.000
50.000
59.000
43.000
43.000
55.000
34.000
49.000
52.000
43.000
51.000
34.000
40.000
48.000
50.000
50.000
46.000
46.000
58.000
34.000
49.000
43.000
49.000
44.000
30.000
46.000
39.000
44.000
44.000
45.000
49.000
43.000
37.000
39.000
53.000
46.000
50.000
24.000
44.000
48.000
54.000
49.000
42.000
37.000
47.000
39.000
41.000
41.000
50.000
42.000
44.000
43.000
53.000
51.000
49.000
60.000
43.000
49.000
41.000
45.000
43.000
32.000
43.000
62.000
46.000
48.000
42.000
40.000
42.000
57.000
34.000
44.000
55.000
48.000
44.000
50.000
34.000
60.000
54.000
52.000
43.000
52.000
41.000
55.000
39.000
34.000
50.000
37.000
48.000
43.000
50.000
54.000
43.000
54.000
48.000
46.000
41.000
44.000
44.000
54.000
51.000
51.000
50.000
46.000
34.000
44.000
46.000
30.000
48.000
42.000
46.000
34.000
39.000
44.000
32.000
40.000
39.000
46.000
56.000
44.000
49.000
29.000
52.000
46.000
40.000
43.000
37.000
42.000
42.000
37.000
41.000
48.000
54.000
42.000
46.000
44.000
46.000
45.000
45.000
38.000
31.000
49.000
54.000
49.000
42.000
41.000
51.000
47.000
63.000
48.000
39.000
42.000
40.000
42.000
33.000
48.000
47.000
34.000
54.000
53.000
66.000
38.000
41.000
42.000
51.000
44.000
39.000
39.000
42.000
34.000
46.000
46.000
41.000
47.000
48.000
53.000
41.000
41.000
48.000
51.000
49.000
46.000
42.000
50.000
45.000
45.000
44.000
47.000
38.000
47.000
43.000
36.000
41.000
41.000
36.000
36.000
41.000
39.000
45.000
46.000
45.000
43.000
37.000
47.000
51.000
43.000
40.000
51.000
42.000
47.000
56.000
45.000
43.000
40.000
57.000
52.000
54.000
50.000
47.000
54.000
40.000
50.000
52.000
36.000
42.000
42.000
60.000
44.000
46.000
42.000
59.000
43.000
45.000
47.000
45.000
59.000
48.000
36.000
40.000
41.000
39.000
50.000
47.000
42.000
50.000
39.000
61.000
43.000
51.000
47.000
50.000
29.000
53.000
45.000
35.000
41.000
43.000
38.000
57.000
52.000
46.000
42.000
51.000
47.000
50.000
54.000
32.000
55.000
39.000
34.000
43.000
62.000
49.000
46.000
43.000
54.000
51.000
57.000
38.000
51.000
45.000
40.000
39.000
38.000
50.000
44.000
44.000
47.000
43.000
39.000
44.000
44.000
37.000
51.000
49.000
41.000
37.000
49.000
50.000
36.000
57.000
46.000
53.000
52.000
52.000
54.000
51.000
