17.000
15.000
17.000
13.000
10.000
15.000
13.000
13.000
14.000
13.000
16.000
14.000
13.000
18.000
20.000
16.000
13.000
14.000
12.000
14.000
12.000
10.000
14.000
15.000
21.000
11.000
11.000
20.000
18.000
13.000
12.000
13.000
6.000
18.000
13.000
19.000
14.000
14.000
8.000
17.000
15.000
14.000
9.000
22.000
12.000
16.000
22.000
13.000
11.000
10.000
18.000
11.000
13.000
15.000
13.000
13.000
12.000
10.000
19.000
11.000
16.000
9.000
13.000
9.000
9.000
13.000
19.000
15.000
18.000
10.000
15.000
17.000
16.000
11.000
8.000
16.000
14.000
14.000
20.000
11.000
12.000
16.000
13.000
7.000
18.000
15.000
11.000
8.000
10.000
18.000
9.000
15.000
12.000
14.000
11.000
10.000
12.000
11.000
10.000
9.000
19.000
9.000
10.000
12.000
14.000
5.000
12.000
16.000
10.000
16.000
10.000
18.000
20.000
10.000
9.000
11.000
19.000
9.000
16.000
16.000
14.000
11.000
17.000
18.000
9.000
15.000
22.000
12.000
13.000
15.000
15.000
15.000
14.000
9.000
9.000
21.000
11.000
11.000
18.000
11.000
23.000
14.000
18.000
17.000
11.000
11.000
8.000
15.000
13.000
15.000
19.000
10.000
14.000
11.000
11.000
10.000
9.000
16.000
16.000
12.000
13.000
12.000
15.000
20.000
15.000
15.000
17.000
12.000
15.000
6.000
14.000
15.000
23.000
14.000
12.000
13.000
13.000
17.000
12.000
16.000
17.000
13.000
13.000
16.000
15.000
12.000
10.000
11.000
14.000
20.000
16.000
21.000
11.000
10.000
13.000
13.000
6.000
16.000
8.000
16.000
14.000
10.000
19.000
12.000
11.000
12.000
14.000
11.000
15.000
11.000
11.000
14.000
8.000
14.000
14.000
20.000
13.000
8.000
14.000
16.000
18.000
13.000
12.000
14.000
14.000
16.000
18.000
11.000
13.000
24.000
5.000
11.000
18.000
12.000
10.000
12.000
11.000
12.000
12.000
12.000
18.000
15.000
16.000
16.000
12.000
10.000
19.000
13.000
18.000
20.000
10.000
14.000
14.000
14.000
13.000
10.000
12.000
10.000
11.000
11.000
22.000
10.000
13.000
11.000
10.000
18.000
10.000
12.000
16.000
10.000
15.000
12.000
16.000
16.000
14.000
12.000
15.000
13.000
13.000
16.000
16.000
14.000
12.000
15.000
13.000
15.000
18.000
12.000
13.000
23.000
13.000
18.000
16.000
14.000
16.000
13.000
19.000
10.000
24.000
9.000
