4757.000
4786.000
4668.000
4793.000
4791.000
4757.000
4876.000
4863.000
4803.000
4883.000
4726.000
4885.000
4723.000
4673.000
4848.000
4914.000
4809.000
4828.000
4632.000
4906.000
4727.000
4835.000
4747.000
4724.000
4790.000
4892.000
4753.000
4766.000
4713.000
4869.000
4862.000
4790.000
4842.000
4748.000
4809.000
4790.000
4859.000
4840.000
4903.000
4785.000
4835.000
4813.000
4882.000
4814.000
4775.000
4782.000
4745.000
4706.000
4726.000
4797.000
4783.000
4698.000
4708.000
4844.000
4743.000
4841.000
4814.000
4681.000
4792.000
4795.000
4681.000
4754.000
4753.000
4655.000
4765.000
4836.000
4793.000
4816.000
4784.000
4774.000
