32.000
41.000
20.000
31.000
21.000
26.000
35.000
31.000
30.000
30.000
31.000
37.000
27.000
45.000
29.000
29.000
22.000
28.000
27.000
27.000
24.000
24.000
25.000
35.000
26.000
28.000
29.000
22.000
31.000
39.000
26.000
29.000
32.000
30.000
30.000
35.000
20.000
31.000
25.000
32.000
26.000
26.000
28.000
31.000
34.000
33.000
25.000
32.000
34.000
32.000
24.000
34.000
23.000
34.000
27.000
24.000
31.000
31.000
28.000
35.000
40.000
24.000
37.000
34.000
38.000
30.000
35.000
29.000
34.000
27.000
33.000
31.000
26.000
31.000
36.000
33.000
46.000
35.000
26.000
42.000
23.000
26.000
24.000
27.000
22.000
34.000
24.000
36.000
24.000
30.000
32.000
28.000
29.000
35.000
31.000
30.000
28.000
21.000
29.000
27.000
20.000
22.000
20.000
26.000
20.000
29.000
27.000
24.000
41.000
35.000
26.000
31.000
34.000
26.000
24.000
31.000
44.000
27.000
39.000
24.000
27.000
30.000
28.000
20.000
34.000
30.000
38.000
34.000
32.000
19.000
29.000
28.000
23.000
30.000
30.000
20.000
21.000
28.000
35.000
35.000
29.000
30.000
27.000
39.000
25.000
21.000
24.000
25.000
38.000
21.000
37.000
30.000
29.000
26.000
28.000
31.000
27.000
33.000
34.000
33.000
26.000
28.000
25.000
35.000
34.000
34.000
30.000
30.000
34.000
27.000
37.000
39.000
26.000
34.000
26.000
28.000
32.000
25.000
39.000
30.000
36.000
27.000
38.000
31.000
29.000
32.000
37.000
32.000
33.000
23.000
40.000
24.000
24.000
28.000
27.000
35.000
28.000
33.000
32.000
28.000
27.000
29.000
31.000
32.000
35.000
32.000
27.000
21.000
23.000
30.000
38.000
35.000
29.000
35.000
37.000
26.000
28.000
28.000
30.000
38.000
38.000
38.000
25.000
26.000
23.000
36.000
33.000
37.000
26.000
32.000
30.000
34.000
20.000
23.000
35.000
37.000
32.000
27.000
35.000
31.000
29.000
20.000
37.000
27.000
28.000
33.000
28.000
31.000
27.000
38.000
35.000
25.000
28.000
35.000
33.000
28.000
42.000
29.000
28.000
33.000
29.000
27.000
31.000
32.000
33.000
35.000
31.000
36.000
37.000
40.000
19.000
28.000
30.000
24.000
38.000
24.000
27.000
32.000
27.000
26.000
39.000
36.000
21.000
25.000
37.000
31.000
18.000
29.000
27.000
27.000
27.000
21.000
41.000
28.000
26.000
27.000
29.000
30.000
30.000
31.000
23.000
21.000
33.000
25.000
31.000
28.000
37.000
25.000
42.000
31.000
42.000
26.000
27.000
29.000
31.000
37.000
22.000
21.000
31.000
27.000
31.000
28.000
26.000
28.000
31.000
26.000
40.000
21.000
30.000
38.000
24.000
26.000
31.000
26.000
28.000
31.000
37.000
29.000
26.000
16.000
31.000
33.000
36.000
36.000
31.000
34.000
32.000
29.000
29.000
33.000
36.000
29.000
27.000
29.000
24.000
32.000
24.000
31.000
40.000
27.000
35.000
37.000
38.000
34.000
28.000
33.000
22.000
36.000
26.000
26.000
33.000
34.000
47.000
37.000
26.000
30.000
30.000
21.000
24.000
27.000
30.000
24.000
35.000
38.000
27.000
32.000
23.000
37.000
23.000
32.000
21.000
33.000
26.000
30.000
26.000
25.000
22.000
35.000
35.000
38.000
39.000
30.000
28.000
34.000
32.000
38.000
43.000
23.000
34.000
31.000
32.000
27.000
36.000
33.000
29.000
28.000
30.000
33.000
32.000
31.000
40.000
34.000
24.000
30.000
30.000
24.000
22.000
33.000
19.000
29.000
36.000
31.000
37.000
24.000
28.000
27.000
36.000
30.000
27.000
31.000
23.000
26.000
32.000
28.000
30.000
27.000
33.000
30.000
34.000
33.000
36.000
28.000
34.000
30.000
28.000
36.000
42.000
30.000
33.000
43.000
29.000
28.000
30.000
31.000
44.000
27.000
30.000
32.000
23.000
28.000
36.000
42.000
34.000
28.000
29.000
27.000
33.000
25.000
32.000
24.000
23.000
30.000
29.000
35.000
27.000
27.000
30.000
33.000
40.000
26.000
