38.000
34.000
34.000
17.000
33.000
32.000
31.000
23.000
20.000
36.000
20.000
23.000
21.000
25.000
34.000
20.000
20.000
24.000
29.000
36.000
32.000
35.000
16.000
30.000
21.000
22.000
30.000
23.000
35.000
25.000
28.000
25.000
30.000
23.000
15.000
25.000
23.000
32.000
21.000
28.000
20.000
19.000
23.000
22.000
41.000
30.000
24.000
22.000
31.000
27.000
26.000
23.000
27.000
15.000
25.000
30.000
27.000
25.000
25.000
27.000
29.000
17.000
30.000
25.000
20.000
30.000
28.000
30.000
25.000
20.000
25.000
39.000
23.000
20.000
21.000
22.000
32.000
27.000
37.000
19.000
22.000
29.000
17.000
36.000
28.000
17.000
27.000
35.000
19.000
22.000
29.000
26.000
28.000
28.000
22.000
26.000
39.000
33.000
11.000
23.000
29.000
28.000
26.000
26.000
23.000
27.000
24.000
35.000
22.000
22.000
22.000
35.000
31.000
31.000
27.000
19.000
30.000
25.000
31.000
32.000
38.000
27.000
27.000
18.000
27.000
18.000
17.000
31.000
27.000
33.000
25.000
22.000
19.000
19.000
26.000
36.000
26.000
20.000
29.000
29.000
26.000
25.000
25.000
31.000
30.000
29.000
29.000
26.000
30.000
19.000
25.000
20.000
25.000
30.000
22.000
21.000
23.000
31.000
24.000
26.000
35.000
27.000
24.000
22.000
27.000
17.000
30.000
15.000
27.000
30.000
21.000
30.000
30.000
31.000
34.000
27.000
23.000
29.000
21.000
27.000
28.000
23.000
32.000
29.000
28.000
26.000
23.000
30.000
29.000
21.000
24.000
28.000
22.000
25.000
26.000
26.000
36.000
21.000
26.000
21.000
26.000
18.000
23.000
25.000
25.000
23.000
29.000
24.000
11.000
25.000
26.000
28.000
34.000
28.000
18.000
20.000
18.000
22.000
29.000
22.000
34.000
27.000
29.000
22.000
21.000
17.000
24.000
24.000
22.000
24.000
28.000
24.000
22.000
28.000
34.000
24.000
24.000
36.000
29.000
24.000
25.000
35.000
32.000
30.000
21.000
32.000
27.000
20.000
35.000
24.000
21.000
31.000
24.000
26.000
23.000
26.000
20.000
32.000
36.000
29.000
24.000
23.000
30.000
30.000
26.000
28.000
17.000
31.000
27.000
28.000
38.000
22.000
33.000
33.000
31.000
19.000
23.000
15.000
34.000
21.000
20.000
30.000
29.000
27.000
29.000
27.000
22.000
28.000
31.000
30.000
22.000
30.000
16.000
21.000
32.000
29.000
20.000
22.000
27.000
30.000
22.000
29.000
22.000
28.000
25.000
21.000
21.000
25.000
33.000
23.000
27.000
24.000
30.000
20.000
26.000
28.000
23.000
22.000
24.000
18.000
23.000
14.000
18.000
20.000
30.000
22.000
23.000
24.000
26.000
24.000
16.000
20.000
25.000
20.000
30.000
23.000
22.000
23.000
33.000
23.000
23.000
23.000
23.000
34.000
27.000
31.000
31.000
25.000
21.000
26.000
28.000
26.000
33.000
25.000
25.000
25.000
29.000
17.000
27.000
27.000
23.000
25.000
24.000
24.000
34.000
33.000
14.000
26.000
24.000
28.000
25.000
22.000
23.000
28.000
24.000
27.000
28.000
22.000
35.000
27.000
17.000
39.000
20.000
21.000
23.000
17.000
29.000
15.000
21.000
29.000
29.000
21.000
28.000
27.000
26.000
26.000
26.000
31.000
24.000
21.000
23.000
31.000
23.000
26.000
22.000
24.000
31.000
27.000
23.000
30.000
26.000
24.000
19.000
18.000
19.000
21.000
32.000
41.000
24.000
22.000
34.000
29.000
31.000
25.000
23.000
22.000
21.000
27.000
22.000
21.000
18.000
25.000
29.000
23.000
29.000
26.000
27.000
42.000
25.000
20.000
19.000
29.000
32.000
27.000
36.000
31.000
31.000
25.000
28.000
17.000
26.000
29.000
21.000
20.000
21.000
34.000
21.000
28.000
27.000
33.000
26.000
24.000
24.000
25.000
30.000
31.000
25.000
20.000
18.000
25.000
21.000
32.000
27.000
18.000
27.000
29.000
22.000
28.000
24.000
22.000
29.000
27.000
17.000
30.000
21.000
29.000
32.000
24.000
24.000
23.000
26.000
29.000
28.000
36.000
20.000
25.000
27.000
26.000
26.000
34.000
25.000
23.000
18.000
20.000
26.000
25.000
29.000
19.000
27.000
42.000
27.000
24.000
25.000
36.000
34.000
34.000
22.000
25.000
21.000
22.000
24.000
20.000
23.000
23.000
23.000
29.000
20.000
27.000
28.000
16.000
