526.000
505.000
516.000
487.000
555.000
518.000
537.000
533.000
542.000
535.000
547.000
500.000
559.000
552.000
520.000
524.000
547.000
552.000
520.000
504.000
539.000
491.000
528.000
535.000
537.000
501.000
504.000
507.000
509.000
539.000
558.000
502.000
525.000
521.000
513.000
562.000
520.000
504.000
529.000
469.000
539.000
492.000
516.000
539.000
494.000
533.000
534.000
570.000
499.000
524.000
523.000
550.000
499.000
490.000
496.000
481.000
503.000
532.000
547.000
525.000
524.000
545.000
523.000
567.000
541.000
483.000
543.000
564.000
493.000
502.000
489.000
534.000
547.000
496.000
515.000
534.000
510.000
552.000
462.000
557.000
525.000
483.000
565.000
523.000
542.000
506.000
490.000
531.000
524.000
532.000
493.000
530.000
518.000
551.000
538.000
512.000
560.000
528.000
539.000
503.000
503.000
550.000
499.000
565.000
526.000
520.000
547.000
520.000
526.000
513.000
515.000
564.000
551.000
496.000
505.000
496.000
562.000
502.000
542.000
532.000
591.000
502.000
509.000
523.000
464.000
501.000
498.000
535.000
521.000
540.000
550.000
508.000
507.000
538.000
525.000
549.000
523.000
501.000
594.000
542.000
557.000
510.000
502.000
509.000
530.000
558.000
517.000
563.000
542.000
538.000
