1117.000
1159.000
1136.000
1170.000
1112.000
1108.000
1114.000
1092.000
1077.000
1087.000
1135.000
1146.000
1152.000
1104.000
1094.000
1123.000
1172.000
1140.000
1125.000
1080.000
1107.000
1140.000
1074.000
1067.000
1053.000
1122.000
1116.000
1108.000
1139.000
1094.000
1102.000
1110.000
1152.000
1057.000
1127.000
1096.000
1135.000
1105.000
1085.000
1065.000
1086.000
1075.000
1158.000
1104.000
1144.000
1166.000
1114.000
1037.000
1086.000
1100.000
1089.000
1092.000
1115.000
1104.000
1100.000
1135.000
1058.000
1160.000
1103.000
1087.000
1062.000
1066.000
1117.000
1104.000
1144.000
1157.000
1117.000
1122.000
1093.000
1130.000
1095.000
1125.000
1108.000
1086.000
1145.000
1084.000
1139.000
1083.000
1059.000
1123.000
1095.000
1182.000
1098.000
1104.000
1080.000
1098.000
1111.000
1084.000
1120.000
1097.000
1151.000
1120.000
1110.000
1123.000
1166.000
1101.000
1096.000
1043.000
1187.000
1138.000
1073.000
1166.000
1066.000
1103.000
1138.000
1166.000
1108.000
1140.000
1172.000
1134.000
1113.000
1082.000
1117.000
1077.000
1187.000
1173.000
1197.000
1091.000
1180.000
1153.000
1121.000
1060.000
1087.000
1113.000
1072.000
1093.000
1068.000
1139.000
1106.000
1095.000
