10916.000
10878.000
10743.000
10886.000
11006.000
10960.000
10954.000
10791.000
10965.000
10999.000
10833.000
10896.000
10856.000
10872.000
10826.000
10989.000
10825.000
11012.000
10882.000
10876.000
10907.000
11101.000
10966.000
10888.000
10787.000
10769.000
11060.000
11010.000
10800.000
10995.000
10865.000
10994.000
10907.000
10827.000
10655.000
11129.000
10845.000
10973.000
10937.000
10888.000
10762.000
11059.000
10969.000
10748.000
10943.000
10991.000
10894.000
10965.000
10726.000
10954.000
11177.000
10775.000
10965.000
10883.000
11000.000
10961.000
10772.000
10974.000
11063.000
10809.000
10827.000
10855.000
10910.000
10816.000
10860.000
10965.000
10896.000
11026.000
11036.000
10914.000
