295.000
285.000
277.000
288.000
317.000
318.000
309.000
297.000
302.000
312.000
301.000
298.000
275.000
312.000
304.000
298.000
319.000
294.000
295.000
299.000
313.000
315.000
272.000
278.000
325.000
307.000
290.000
296.000
313.000
333.000
303.000
294.000
282.000
314.000
323.000
280.000
298.000
298.000
305.000
308.000
302.000
314.000
317.000
319.000
322.000
312.000
295.000
262.000
275.000
294.000
315.000
306.000
289.000
308.000
309.000
321.000
306.000
310.000
291.000
290.000
321.000
289.000
301.000
309.000
271.000
314.000
321.000
308.000
290.000
276.000
322.000
308.000
309.000
329.000
260.000
295.000
298.000
316.000
322.000
321.000
293.000
289.000
296.000
286.000
300.000
278.000
285.000
286.000
313.000
311.000
307.000
299.000
308.000
309.000
314.000
304.000
331.000
308.000
318.000
312.000
312.000
268.000
287.000
306.000
304.000
275.000
311.000
348.000
309.000
284.000
263.000
305.000
271.000
304.000
301.000
311.000
285.000
302.000
294.000
302.000
294.000
331.000
314.000
291.000
310.000
282.000
324.000
284.000
320.000
318.000
299.000
342.000
296.000
306.000
343.000
303.000
308.000
286.000
277.000
283.000
306.000
288.000
322.000
323.000
303.000
294.000
318.000
313.000
297.000
294.000
309.000
320.000
294.000
281.000
243.000
326.000
301.000
310.000
293.000
284.000
311.000
282.000
291.000
306.000
266.000
315.000
279.000
302.000
306.000
301.000
317.000
302.000
308.000
294.000
318.000
286.000
299.000
312.000
318.000
312.000
265.000
292.000
296.000
308.000
270.000
319.000
300.000
298.000
330.000
312.000
293.000
287.000
322.000
314.000
297.000
309.000
289.000
313.000
276.000
307.000
300.000
319.000
321.000
315.000
319.000
308.000
307.000
308.000
309.000
283.000
275.000
299.000
307.000
284.000
303.000
292.000
299.000
282.000
284.000
304.000
308.000
300.000
302.000
323.000
299.000
300.000
300.000
312.000
309.000
280.000
303.000
306.000
282.000
328.000
289.000
292.000
270.000
301.000
272.000
294.000
322.000
287.000
281.000
293.000
336.000
317.000
297.000
297.000
308.000
307.000
266.000
322.000
326.000
283.000
315.000
306.000
328.000
299.000
292.000
294.000
277.000
303.000
316.000
306.000
334.000
322.000
304.000
320.000
310.000
306.000
294.000
283.000
310.000
300.000
345.000
296.000
283.000
269.000
287.000
323.000
275.000
298.000
294.000
315.000
322.000
290.000
282.000
309.000
295.000
321.000
326.000
331.000
314.000
298.000
333.000
278.000
290.000
340.000
321.000
259.000
304.000
313.000
315.000
284.000
318.000
292.000
318.000
307.000
319.000
312.000
274.000
312.000
293.000
318.000
328.000
305.000
317.000
279.000
309.000
317.000
312.000
305.000
323.000
284.000
320.000
297.000
262.000
286.000
276.000
322.000
275.000
300.000
310.000
271.000
303.000
296.000
338.000
309.000
279.000
287.000
