100.000
112.000
90.000
92.000
82.000
106.000
99.000
96.000
96.000
94.000
108.000
92.000
103.000
83.000
93.000
98.000
113.000
95.000
102.000
98.000
106.000
79.000
103.000
114.000
110.000
93.000
108.000
102.000
109.000
101.000
84.000
90.000
107.000
87.000
106.000
100.000
99.000
94.000
107.000
118.000
92.000
117.000
105.000
83.000
90.000
99.000
99.000
79.000
94.000
95.000
100.000
85.000
101.000
104.000
92.000
91.000
100.000
90.000
106.000
82.000
82.000
89.000
112.000
92.000
95.000
109.000
96.000
98.000
90.000
89.000
106.000
98.000
81.000
98.000
87.000
90.000
133.000
87.000
114.000
95.000
89.000
93.000
101.000
101.000
103.000
104.000
90.000
118.000
86.000
85.000
97.000
80.000
90.000
105.000
102.000
94.000
111.000
106.000
95.000
85.000
83.000
96.000
108.000
108.000
101.000
84.000
110.000
102.000
105.000
97.000
82.000
102.000
105.000
94.000
109.000
95.000
82.000
99.000
84.000
97.000
100.000
104.000
115.000
79.000
94.000
102.000
90.000
94.000
109.000
91.000
106.000
103.000
108.000
97.000
100.000
91.000
93.000
90.000
103.000
86.000
98.000
109.000
95.000
103.000
89.000
86.000
106.000
98.000
96.000
106.000
84.000
106.000
95.000
84.000
105.000
103.000
88.000
96.000
100.000
92.000
87.000
95.000
102.000
93.000
79.000
96.000
116.000
104.000
92.000
77.000
100.000
101.000
111.000
100.000
101.000
103.000
92.000
90.000
104.000
101.000
108.000
102.000
100.000
85.000
99.000
95.000
88.000
103.000
100.000
101.000
99.000
97.000
94.000
96.000
99.000
105.000
111.000
87.000
90.000
86.000
89.000
107.000
101.000
89.000
88.000
86.000
88.000
88.000
89.000
137.000
116.000
97.000
90.000
91.000
94.000
92.000
102.000
94.000
104.000
100.000
96.000
96.000
91.000
97.000
95.000
105.000
93.000
114.000
116.000
91.000
93.000
100.000
84.000
85.000
104.000
92.000
103.000
112.000
110.000
88.000
99.000
100.000
87.000
104.000
100.000
104.000
109.000
101.000
111.000
105.000
93.000
85.000
100.000
94.000
111.000
97.000
98.000
117.000
91.000
72.000
100.000
103.000
101.000
94.000
96.000
83.000
103.000
103.000
105.000
96.000
81.000
84.000
92.000
97.000
98.000
93.000
94.000
88.000
100.000
98.000
90.000
91.000
108.000
94.000
88.000
95.000
83.000
90.000
88.000
112.000
88.000
103.000
90.000
105.000
89.000
106.000
85.000
96.000
93.000
110.000
106.000
115.000
108.000
104.000
88.000
104.000
101.000
95.000
94.000
102.000
85.000
82.000
108.000
96.000
108.000
105.000
105.000
100.000
85.000
111.000
