2028.000
1935.000
1995.000
2004.000
2094.000
2095.000
2071.000
2003.000
2119.000
2048.000
1981.000
1994.000
2013.000
1988.000
2034.000
1966.000
2071.000
1982.000
2137.000
2035.000
1963.000
2103.000
2084.000
2095.000
2009.000
2015.000
2018.000
1967.000
2034.000
2041.000
2054.000
1971.000
1968.000
1979.000
2003.000
2044.000
2071.000
2002.000
2099.000
2139.000
2026.000
1961.000
2075.000
2060.000
2036.000
1992.000
2003.000
2048.000
2070.000
2059.000
2014.000
2020.000
2014.000
1991.000
2026.000
1953.000
2014.000
2000.000
2019.000
2010.000
1936.000
2132.000
2049.000
2068.000
2095.000
2029.000
2045.000
2099.000
2061.000
1993.000
2052.000
2008.000
1981.000
2027.000
2036.000
2013.000
2100.000
2073.000
2006.000
2081.000
2039.000
2016.000
2130.000
2017.000
2049.000
2087.000
2072.000
2024.000
2002.000
2047.000
