193.000
201.000
185.000
169.000
192.000
213.000
169.000
232.000
197.000
199.000
194.000
207.000
205.000
209.000
204.000
199.000
200.000
214.000
180.000
186.000
212.000
173.000
193.000
198.000
218.000
183.000
195.000
176.000
203.000
188.000
194.000
223.000
178.000
184.000
208.000
188.000
179.000
190.000
184.000
203.000
200.000
185.000
176.000
209.000
180.000
195.000
190.000
174.000
195.000
212.000
195.000
180.000
208.000
167.000
179.000
178.000
195.000
188.000
199.000
179.000
203.000
211.000
198.000
184.000
193.000
182.000
174.000
190.000
204.000
204.000
177.000
202.000
200.000
173.000
176.000
199.000
217.000
172.000
189.000
194.000
184.000
204.000
176.000
175.000
188.000
200.000
210.000
166.000
188.000
186.000
198.000
178.000
197.000
186.000
195.000
218.000
186.000
174.000
198.000
194.000
184.000
188.000
199.000
181.000
194.000
192.000
187.000
184.000
235.000
175.000
182.000
197.000
180.000
182.000
178.000
174.000
213.000
175.000
176.000
179.000
191.000
182.000
186.000
209.000
176.000
199.000
203.000
216.000
202.000
227.000
204.000
201.000
198.000
192.000
188.000
205.000
179.000
173.000
201.000
179.000
183.000
214.000
183.000
194.000
186.000
198.000
202.000
213.000
172.000
203.000
189.000
195.000
197.000
195.000
180.000
188.000
174.000
200.000
154.000
173.000
190.000
169.000
192.000
186.000
210.000
197.000
191.000
198.000
241.000
186.000
217.000
176.000
178.000
201.000
186.000
183.000
195.000
159.000
202.000
200.000
187.000
197.000
198.000
195.000
233.000
220.000
222.000
161.000
208.000
181.000
182.000
203.000
183.000
189.000
178.000
172.000
172.000
181.000
220.000
188.000
181.000
175.000
207.000
215.000
198.000
193.000
192.000
188.000
206.000
180.000
178.000
211.000
198.000
190.000
196.000
183.000
199.000
181.000
160.000
161.000
