18693.000
18898.000
18973.000
18931.000
18638.000
18937.000
18951.000
18659.000
18855.000
19026.000
18887.000
18710.000
18870.000
18854.000
18665.000
18721.000
18855.000
19005.000
19079.000
18407.000
18890.000
18658.000
18844.000
19104.000
18981.000
18584.000
18987.000
18689.000
18764.000
18916.000
18469.000
18812.000
18891.000
18984.000
18825.000
18779.000
18785.000
18607.000
18576.000
18842.000
18869.000
18775.000
18894.000
18825.000
18848.000
18907.000
18913.000
18645.000
18687.000
18718.000
18744.000
18772.000
18828.000
18882.000
18744.000
18900.000
18797.000
18890.000
18727.000
18859.000
18688.000
18855.000
18654.000
18741.000
18805.000
18933.000
18700.000
18926.000
18671.000
19041.000
