36.000
31.000
41.000
48.000
38.000
38.000
33.000
38.000
39.000
38.000
26.000
41.000
33.000
41.000
49.000
36.000
33.000
33.000
38.000
37.000
24.000
29.000
35.000
38.000
27.000
52.000
38.000
31.000
43.000
28.000
29.000
32.000
41.000
43.000
43.000
32.000
42.000
41.000
38.000
37.000
37.000
45.000
36.000
53.000
31.000
34.000
30.000
41.000
32.000
32.000
40.000
30.000
48.000
39.000
40.000
25.000
41.000
33.000
40.000
35.000
38.000
34.000
32.000
39.000
34.000
29.000
39.000
31.000
32.000
34.000
43.000
39.000
27.000
38.000
39.000
26.000
33.000
36.000
36.000
22.000
38.000
36.000
47.000
37.000
40.000
37.000
34.000
41.000
34.000
36.000
35.000
28.000
38.000
35.000
45.000
42.000
34.000
38.000
42.000
34.000
38.000
33.000
46.000
38.000
36.000
42.000
23.000
33.000
31.000
33.000
37.000
37.000
30.000
33.000
31.000
40.000
35.000
35.000
33.000
30.000
45.000
41.000
35.000
34.000
34.000
36.000
45.000
28.000
39.000
41.000
30.000
43.000
40.000
44.000
36.000
39.000
41.000
39.000
36.000
29.000
35.000
39.000
32.000
43.000
45.000
32.000
36.000
44.000
40.000
35.000
27.000
41.000
34.000
28.000
45.000
30.000
39.000
40.000
49.000
24.000
29.000
48.000
41.000
31.000
40.000
40.000
42.000
35.000
37.000
29.000
32.000
37.000
28.000
38.000
45.000
39.000
28.000
34.000
37.000
39.000
46.000
40.000
39.000
42.000
36.000
36.000
25.000
33.000
40.000
30.000
33.000
36.000
36.000
35.000
51.000
41.000
40.000
36.000
47.000
42.000
36.000
40.000
37.000
27.000
42.000
29.000
31.000
31.000
39.000
34.000
37.000
42.000
39.000
27.000
30.000
36.000
39.000
33.000
39.000
37.000
42.000
43.000
27.000
36.000
28.000
46.000
42.000
42.000
46.000
36.000
32.000
31.000
37.000
28.000
36.000
34.000
43.000
42.000
38.000
31.000
41.000
39.000
27.000
39.000
39.000
30.000
40.000
37.000
27.000
35.000
26.000
45.000
41.000
37.000
37.000
42.000
42.000
40.000
34.000
32.000
38.000
37.000
42.000
39.000
31.000
29.000
33.000
32.000
44.000
36.000
38.000
38.000
33.000
35.000
44.000
40.000
36.000
36.000
33.000
36.000
32.000
32.000
29.000
43.000
40.000
38.000
36.000
31.000
40.000
37.000
46.000
45.000
35.000
36.000
36.000
40.000
36.000
39.000
44.000
34.000
31.000
41.000
34.000
41.000
33.000
34.000
33.000
45.000
39.000
45.000
40.000
38.000
40.000
43.000
45.000
48.000
34.000
45.000
37.000
39.000
44.000
38.000
39.000
40.000
25.000
38.000
48.000
34.000
35.000
26.000
45.000
51.000
41.000
38.000
31.000
37.000
36.000
38.000
39.000
42.000
39.000
40.000
49.000
32.000
43.000
42.000
34.000
29.000
32.000
33.000
36.000
25.000
44.000
34.000
39.000
47.000
36.000
44.000
34.000
33.000
31.000
34.000
24.000
42.000
39.000
39.000
38.000
43.000
35.000
31.000
25.000
29.000
38.000
47.000
40.000
36.000
30.000
28.000
28.000
42.000
37.000
35.000
44.000
41.000
50.000
40.000
31.000
27.000
40.000
34.000
44.000
34.000
36.000
55.000
37.000
41.000
37.000
38.000
28.000
36.000
36.000
30.000
48.000
39.000
38.000
48.000
39.000
22.000
42.000
30.000
38.000
48.000
33.000
35.000
33.000
42.000
33.000
48.000
39.000
33.000
36.000
37.000
38.000
34.000
43.000
47.000
25.000
36.000
40.000
52.000
31.000
37.000
40.000
31.000
42.000
34.000
38.000
34.000
36.000
37.000
34.000
39.000
37.000
28.000
37.000
32.000
36.000
29.000
37.000
33.000
27.000
39.000
38.000
31.000
31.000
40.000
32.000
41.000
31.000
50.000
29.000
36.000
31.000
40.000
41.000
48.000
34.000
34.000
32.000
33.000
