17.000
11.000
12.000
18.000
13.000
16.000
12.000
10.000
14.000
14.000
12.000
9.000
8.000
11.000
10.000
11.000
16.000
15.000
8.000
8.000
8.000
7.000
12.000
20.000
9.000
12.000
12.000
11.000
9.000
13.000
11.000
14.000
12.000
10.000
16.000
13.000
13.000
7.000
12.000
11.000
9.000
13.000
13.000
8.000
7.000
11.000
12.000
7.000
11.000
18.000
13.000
18.000
8.000
10.000
10.000
9.000
10.000
14.000
6.000
10.000
16.000
20.000
8.000
15.000
21.000
15.000
12.000
12.000
6.000
12.000
15.000
13.000
8.000
9.000
12.000
18.000
11.000
8.000
13.000
7.000
12.000
9.000
7.000
10.000
17.000
15.000
10.000
10.000
6.000
11.000
11.000
12.000
15.000
9.000
10.000
15.000
11.000
13.000
10.000
12.000
10.000
11.000
12.000
17.000
14.000
10.000
13.000
13.000
11.000
11.000
6.000
12.000
14.000
11.000
11.000
15.000
11.000
18.000
12.000
6.000
8.000
17.000
25.000
4.000
11.000
13.000
11.000
14.000
7.000
15.000
11.000
10.000
9.000
8.000
13.000
13.000
14.000
11.000
11.000
10.000
16.000
15.000
11.000
16.000
16.000
13.000
20.000
13.000
12.000
14.000
8.000
5.000
12.000
3.000
16.000
14.000
6.000
13.000
7.000
10.000
17.000
15.000
12.000
14.000
14.000
8.000
9.000
9.000
14.000
19.000
10.000
16.000
18.000
15.000
13.000
13.000
8.000
13.000
14.000
12.000
15.000
15.000
16.000
17.000
13.000
12.000
13.000
16.000
10.000
11.000
9.000
7.000
11.000
13.000
21.000
6.000
11.000
9.000
19.000
9.000
9.000
7.000
13.000
11.000
11.000
24.000
18.000
14.000
12.000
14.000
12.000
11.000
14.000
14.000
15.000
10.000
12.000
10.000
8.000
11.000
13.000
10.000
11.000
13.000
10.000
9.000
9.000
13.000
12.000
11.000
15.000
13.000
10.000
23.000
16.000
22.000
12.000
10.000
13.000
9.000
6.000
10.000
14.000
8.000
10.000
11.000
5.000
9.000
15.000
17.000
12.000
20.000
14.000
9.000
15.000
11.000
14.000
12.000
18.000
16.000
4.000
15.000
15.000
11.000
14.000
7.000
15.000
11.000
6.000
6.000
5.000
16.000
12.000
17.000
13.000
17.000
8.000
9.000
9.000
17.000
10.000
11.000
10.000
12.000
11.000
9.000
14.000
13.000
16.000
12.000
15.000
11.000
11.000
15.000
9.000
9.000
14.000
17.000
9.000
12.000
17.000
5.000
8.000
11.000
19.000
10.000
18.000
10.000
20.000
14.000
8.000
18.000
9.000
9.000
13.000
11.000
11.000
3.000
11.000
12.000
11.000
13.000
11.000
12.000
7.000
13.000
9.000
9.000
9.000
10.000
12.000
9.000
9.000
12.000
10.000
6.000
13.000
17.000
11.000
12.000
12.000
10.000
13.000
15.000
9.000
16.000
16.000
12.000
8.000
8.000
11.000
13.000
18.000
12.000
4.000
12.000
14.000
7.000
8.000
5.000
10.000
11.000
6.000
12.000
12.000
11.000
16.000
4.000
14.000
11.000
6.000
17.000
16.000
14.000
8.000
11.000
14.000
8.000
10.000
14.000
10.000
12.000
9.000
15.000
10.000
12.000
13.000
12.000
10.000
11.000
9.000
12.000
15.000
12.000
9.000
15.000
10.000
9.000
14.000
11.000
17.000
9.000
13.000
15.000
11.000
12.000
10.000
9.000
9.000
12.000
8.000
15.000
12.000
11.000
14.000
11.000
10.000
10.000
11.000
9.000
18.000
15.000
5.000
12.000
16.000
7.000
22.000
8.000
16.000
8.000
11.000
13.000
8.000
6.000
16.000
13.000
10.000
16.000
8.000
18.000
17.000
12.000
10.000
12.000
12.000
16.000
10.000
10.000
6.000
11.000
14.000
8.000
8.000
8.000
11.000
11.000
17.000
8.000
16.000
10.000
14.000
18.000
13.000
11.000
12.000
12.000
10.000
16.000
8.000
13.000
10.000
14.000
15.000
10.000
7.000
15.000
6.000
19.000
14.000
8.000
13.000
10.000
7.000
9.000
16.000
8.000
12.000
12.000
17.000
14.000
13.000
18.000
14.000
17.000
14.000
17.000
8.000
13.000
14.000
8.000
15.000
16.000
16.000
15.000
10.000
14.000
10.000
8.000
9.000
9.000
17.000
12.000
12.000
8.000
20.000
21.000
8.000
18.000
9.000
10.000
13.000
11.000
8.000
15.000
13.000
14.000
16.000
8.000
18.000
17.000
15.000
17.000
19.000
11.000
16.000
12.000
15.000
11.000
17.000
11.000
15.000
16.000
14.000
13.000
11.000
14.000
16.000
10.000
18.000
13.000
18.000
16.000
12.000
11.000
12.000
9.000
6.000
21.000
17.000
11.000
12.000
15.000
15.000
10.000
13.000
13.000
8.000
20.000
18.000
6.000
17.000
12.000
11.000
15.000
18.000
15.000
7.000
12.000
13.000
9.000
11.000
6.000
19.000
16.000
9.000
11.000
10.000
12.000
13.000
13.000
14.000
19.000
10.000
10.000
13.000
11.000
7.000
20.000
31.000
10.000
14.000
20.000
5.000
14.000
12.000
9.000
11.000
21.000
9.000
11.000
14.000
10.000
13.000
7.000
13.000
16.000
11.000
10.000
12.000
14.000
9.000
13.000
15.000
13.000
13.000
8.000
16.000
9.000
12.000
11.000
12.000
11.000
14.000
10.000
7.000
10.000
11.000
13.000
13.000
13.000
5.000
12.000
15.000
10.000
14.000
10.000
9.000
12.000
8.000
25.000
12.000
16.000
12.000
11.000
11.000
13.000
9.000
11.000
9.000
7.000
4.000
7.000
11.000
7.000
10.000
15.000
17.000
15.000
10.000
10.000
13.000
7.000
17.000
10.000
15.000
7.000
8.000
9.000
5.000
13.000
7.000
4.000
13.000
11.000
11.000
13.000
15.000
15.000
9.000
11.000
10.000
7.000
12.000
18.000
7.000
12.000
9.000
13.000
12.000
18.000
