23.000
22.000
15.000
14.000
17.000
15.000
27.000
30.000
22.000
30.000
14.000
19.000
28.000
29.000
24.000
27.000
14.000
22.000
20.000
25.000
18.000
16.000
17.000
15.000
18.000
25.000
23.000
18.000
27.000
16.000
17.000
31.000
33.000
29.000
16.000
15.000
21.000
15.000
16.000
20.000
22.000
14.000
12.000
22.000
21.000
17.000
21.000
28.000
26.000
21.000
19.000
22.000
21.000
24.000
28.000
18.000
22.000
14.000
25.000
27.000
16.000
22.000
18.000
25.000
20.000
15.000
19.000
23.000
25.000
21.000
29.000
24.000
31.000
18.000
28.000
15.000
20.000
22.000
21.000
24.000
24.000
24.000
25.000
24.000
23.000
22.000
23.000
31.000
28.000
23.000
20.000
16.000
22.000
25.000
24.000
25.000
21.000
15.000
27.000
24.000
22.000
19.000
23.000
22.000
21.000
23.000
21.000
26.000
18.000
16.000
24.000
29.000
17.000
19.000
27.000
26.000
15.000
12.000
22.000
18.000
19.000
15.000
15.000
23.000
22.000
27.000
18.000
29.000
17.000
19.000
26.000
22.000
23.000
21.000
24.000
26.000
22.000
25.000
18.000
22.000
21.000
22.000
30.000
28.000
15.000
23.000
22.000
24.000
23.000
21.000
25.000
16.000
20.000
20.000
17.000
19.000
27.000
25.000
28.000
17.000
21.000
15.000
23.000
20.000
32.000
18.000
24.000
24.000
19.000
14.000
29.000
24.000
25.000
17.000
25.000
27.000
21.000
20.000
19.000
12.000
30.000
19.000
16.000
29.000
18.000
20.000
25.000
30.000
24.000
22.000
15.000
17.000
23.000
23.000
19.000
26.000
26.000
17.000
23.000
22.000
22.000
26.000
16.000
24.000
22.000
20.000
14.000
21.000
13.000
23.000
18.000
17.000
21.000
28.000
18.000
17.000
21.000
22.000
24.000
29.000
24.000
20.000
21.000
14.000
20.000
18.000
18.000
20.000
25.000
22.000
12.000
16.000
19.000
25.000
21.000
32.000
17.000
26.000
23.000
30.000
23.000
17.000
23.000
27.000
16.000
14.000
19.000
17.000
21.000
22.000
12.000
21.000
21.000
20.000
14.000
12.000
21.000
15.000
17.000
21.000
24.000
17.000
26.000
24.000
30.000
22.000
26.000
13.000
20.000
16.000
20.000
21.000
26.000
20.000
25.000
19.000
18.000
32.000
29.000
25.000
29.000
19.000
23.000
29.000
19.000
19.000
18.000
31.000
20.000
38.000
25.000
18.000
29.000
27.000
25.000
20.000
21.000
20.000
27.000
14.000
10.000
34.000
20.000
13.000
17.000
18.000
14.000
23.000
29.000
19.000
27.000
31.000
14.000
27.000
20.000
25.000
21.000
22.000
16.000
23.000
27.000
18.000
18.000
28.000
18.000
20.000
20.000
22.000
20.000
22.000
20.000
27.000
22.000
11.000
26.000
22.000
20.000
19.000
20.000
26.000
6.000
21.000
26.000
22.000
27.000
17.000
19.000
28.000
12.000
20.000
29.000
17.000
21.000
20.000
21.000
23.000
14.000
19.000
22.000
17.000
24.000
22.000
31.000
28.000
30.000
28.000
27.000
20.000
22.000
26.000
17.000
27.000
22.000
34.000
24.000
19.000
14.000
26.000
28.000
24.000
19.000
10.000
26.000
20.000
14.000
20.000
20.000
17.000
18.000
32.000
22.000
25.000
23.000
21.000
24.000
21.000
21.000
22.000
21.000
21.000
24.000
18.000
28.000
17.000
21.000
15.000
25.000
26.000
18.000
17.000
17.000
17.000
24.000
25.000
21.000
32.000
20.000
17.000
14.000
20.000
26.000
16.000
20.000
23.000
29.000
23.000
20.000
22.000
19.000
28.000
20.000
20.000
24.000
26.000
26.000
22.000
24.000
20.000
15.000
24.000
21.000
24.000
24.000
24.000
21.000
22.000
18.000
17.000
19.000
17.000
21.000
20.000
22.000
23.000
25.000
23.000
26.000
24.000
22.000
23.000
19.000
21.000
17.000
25.000
28.000
21.000
25.000
16.000
24.000
19.000
21.000
27.000
19.000
24.000
21.000
23.000
17.000
19.000
26.000
21.000
20.000
19.000
25.000
17.000
16.000
10.000
17.000
27.000
19.000
27.000
21.000
22.000
32.000
24.000
19.000
18.000
22.000
23.000
21.000
22.000
22.000
24.000
20.000
17.000
25.000
17.000
24.000
23.000
19.000
28.000
33.000
21.000
21.000
28.000
25.000
18.000
20.000
18.000
19.000
19.000
31.000
17.000
17.000
13.000
13.000
13.000
23.000
29.000
12.000
22.000
19.000
18.000
21.000
14.000
22.000
17.000
16.000
23.000
15.000
26.000
13.000
25.000
18.000
20.000
22.000
25.000
22.000
23.000
15.000
28.000
30.000
29.000
18.000
26.000
20.000
28.000
29.000
22.000
32.000
13.000
