134.000
138.000
124.000
125.000
147.000
114.000
163.000
122.000
139.000
127.000
135.000
121.000
146.000
154.000
115.000
128.000
113.000
130.000
128.000
127.000
127.000
144.000
123.000
127.000
135.000
136.000
118.000
141.000
145.000
155.000
138.000
146.000
144.000
123.000
120.000
129.000
139.000
151.000
130.000
140.000
141.000
133.000
128.000
136.000
119.000
125.000
157.000
153.000
121.000
132.000
111.000
136.000
138.000
132.000
136.000
154.000
115.000
132.000
121.000
140.000
127.000
147.000
136.000
140.000
153.000
145.000
125.000
124.000
122.000
115.000
120.000
134.000
137.000
143.000
124.000
118.000
133.000
147.000
126.000
117.000
149.000
120.000
147.000
129.000
159.000
126.000
132.000
127.000
148.000
126.000
127.000
158.000
125.000
132.000
138.000
117.000
141.000
126.000
123.000
119.000
125.000
137.000
143.000
133.000
133.000
131.000
141.000
144.000
111.000
131.000
121.000
127.000
143.000
141.000
135.000
132.000
143.000
145.000
137.000
123.000
132.000
127.000
152.000
144.000
121.000
136.000
140.000
108.000
130.000
138.000
141.000
137.000
119.000
120.000
138.000
141.000
131.000
121.000
131.000
135.000
117.000
138.000
144.000
115.000
130.000
139.000
121.000
132.000
154.000
126.000
114.000
123.000
124.000
132.000
122.000
135.000
126.000
125.000
138.000
122.000
151.000
156.000
136.000
140.000
138.000
136.000
110.000
138.000
125.000
145.000
150.000
141.000
119.000
128.000
127.000
124.000
148.000
115.000
126.000
128.000
149.000
118.000
148.000
122.000
122.000
142.000
130.000
125.000
138.000
129.000
138.000
117.000
150.000
136.000
149.000
124.000
139.000
128.000
139.000
135.000
139.000
144.000
131.000
137.000
122.000
142.000
111.000
144.000
137.000
122.000
139.000
132.000
127.000
143.000
122.000
138.000
121.000
142.000
151.000
130.000
147.000
141.000
142.000
158.000
122.000
135.000
111.000
114.000
142.000
120.000
141.000
149.000
131.000
149.000
120.000
146.000
129.000
136.000
129.000
138.000
124.000
137.000
139.000
136.000
154.000
120.000
119.000
117.000
133.000
131.000
116.000
166.000
143.000
121.000
139.000
121.000
127.000
155.000
149.000
139.000
140.000
134.000
131.000
127.000
128.000
129.000
137.000
124.000
157.000
142.000
128.000
123.000
144.000
144.000
155.000
122.000
139.000
141.000
144.000
129.000
147.000
140.000
143.000
126.000
131.000
128.000
140.000
120.000
104.000
127.000
109.000
124.000
125.000
141.000
135.000
119.000
135.000
131.000
126.000
131.000
134.000
133.000
115.000
127.000
138.000
143.000
109.000
147.000
114.000
132.000
152.000
140.000
150.000
124.000
128.000
130.000
146.000
135.000
136.000
136.000
138.000
127.000
130.000
123.000
140.000
126.000
121.000
141.000
117.000
146.000
130.000
139.000
133.000
128.000
142.000
114.000
140.000
144.000
125.000
138.000
