59.000
66.000
48.000
40.000
41.000
63.000
52.000
49.000
51.000
48.000
64.000
65.000
51.000
63.000
62.000
54.000
64.000
52.000
60.000
52.000
62.000
51.000
53.000
47.000
52.000
65.000
71.000
58.000
55.000
48.000
52.000
49.000
64.000
52.000
63.000
60.000
53.000
56.000
43.000
54.000
47.000
51.000
56.000
54.000
42.000
60.000
63.000
41.000
55.000
50.000
57.000
67.000
55.000
57.000
55.000
54.000
60.000
54.000
73.000
52.000
44.000
62.000
48.000
61.000
63.000
49.000
60.000
50.000
54.000
53.000
66.000
48.000
51.000
47.000
39.000
67.000
56.000
56.000
58.000
79.000
56.000
57.000
65.000
51.000
52.000
59.000
62.000
63.000
49.000
56.000
70.000
63.000
44.000
60.000
54.000
51.000
55.000
49.000
63.000
68.000
67.000
42.000
56.000
49.000
59.000
50.000
52.000
58.000
55.000
67.000
58.000
45.000
45.000
53.000
52.000
43.000
53.000
69.000
71.000
48.000
62.000
55.000
65.000
49.000
46.000
54.000
60.000
63.000
53.000
58.000
60.000
53.000
47.000
53.000
63.000
63.000
60.000
54.000
69.000
59.000
63.000
47.000
61.000
59.000
53.000
59.000
71.000
59.000
62.000
58.000
57.000
71.000
42.000
38.000
65.000
65.000
50.000
44.000
64.000
50.000
53.000
55.000
68.000
47.000
56.000
41.000
62.000
44.000
65.000
58.000
56.000
47.000
75.000
49.000
50.000
62.000
67.000
52.000
53.000
53.000
54.000
55.000
35.000
60.000
53.000
59.000
70.000
61.000
52.000
55.000
46.000
50.000
46.000
63.000
57.000
52.000
67.000
54.000
52.000
48.000
66.000
64.000
57.000
58.000
70.000
61.000
51.000
51.000
54.000
58.000
49.000
63.000
64.000
46.000
56.000
54.000
67.000
56.000
60.000
43.000
48.000
56.000
49.000
55.000
59.000
58.000
51.000
58.000
65.000
50.000
57.000
52.000
55.000
45.000
65.000
49.000
56.000
51.000
46.000
61.000
63.000
62.000
61.000
55.000
71.000
82.000
49.000
58.000
60.000
58.000
71.000
61.000
48.000
63.000
65.000
50.000
48.000
72.000
54.000
63.000
44.000
59.000
58.000
45.000
60.000
67.000
60.000
68.000
60.000
63.000
65.000
60.000
49.000
45.000
61.000
59.000
60.000
63.000
72.000
50.000
54.000
49.000
56.000
52.000
49.000
49.000
59.000
52.000
53.000
53.000
51.000
51.000
55.000
72.000
53.000
49.000
67.000
60.000
46.000
55.000
71.000
50.000
74.000
51.000
60.000
53.000
58.000
46.000
60.000
50.000
52.000
56.000
53.000
62.000
47.000
40.000
57.000
56.000
56.000
61.000
57.000
50.000
55.000
58.000
54.000
51.000
55.000
51.000
62.000
75.000
52.000
54.000
56.000
54.000
62.000
62.000
50.000
54.000
58.000
60.000
60.000
55.000
62.000
72.000
56.000
64.000
50.000
43.000
65.000
58.000
46.000
64.000
62.000
57.000
61.000
45.000
64.000
48.000
66.000
49.000
52.000
50.000
65.000
53.000
60.000
44.000
57.000
64.000
59.000
42.000
67.000
60.000
58.000
52.000
62.000
67.000
60.000
34.000
57.000
57.000
54.000
68.000
52.000
56.000
69.000
55.000
66.000
56.000
56.000
69.000
61.000
47.000
51.000
54.000
48.000
55.000
54.000
58.000
45.000
56.000
56.000
70.000
54.000
55.000
55.000
65.000
56.000
52.000
56.000
62.000
49.000
48.000
59.000
67.000
61.000
54.000
57.000
53.000
46.000
55.000
42.000
54.000
54.000
47.000
50.000
49.000
49.000
54.000
59.000
63.000
64.000
57.000
58.000
60.000
54.000
58.000
56.000
49.000
66.000
56.000
57.000
56.000
61.000
49.000
40.000
52.000
52.000
56.000
60.000
61.000
59.000
61.000
56.000
57.000
51.000
57.000
49.000
51.000
46.000
64.000
51.000
68.000
57.000
53.000
66.000
53.000
46.000
47.000
53.000
63.000
