15.000
24.000
20.000
17.000
22.000
18.000
20.000
21.000
17.000
18.000
19.000
18.000
18.000
17.000
22.000
19.000
15.000
20.000
15.000
21.000
10.000
16.000
26.000
32.000
21.000
16.000
15.000
18.000
25.000
22.000
22.000
20.000
17.000
13.000
14.000
21.000
15.000
21.000
18.000
20.000
20.000
15.000
22.000
17.000
18.000
21.000
18.000
17.000
17.000
19.000
16.000
14.000
18.000
23.000
23.000
17.000
20.000
19.000
22.000
18.000
19.000
26.000
12.000
17.000
22.000
8.000
23.000
15.000
21.000
20.000
17.000
15.000
13.000
15.000
24.000
26.000
19.000
23.000
26.000
17.000
21.000
18.000
10.000
23.000
15.000
18.000
17.000
17.000
18.000
21.000
16.000
17.000
30.000
11.000
21.000
18.000
16.000
18.000
16.000
13.000
13.000
18.000
16.000
16.000
16.000
19.000
19.000
17.000
22.000
16.000
20.000
16.000
21.000
11.000
24.000
19.000
20.000
21.000
23.000
15.000
24.000
16.000
21.000
27.000
22.000
16.000
11.000
16.000
21.000
17.000
19.000
13.000
15.000
18.000
16.000
20.000
22.000
24.000
11.000
14.000
14.000
19.000
10.000
16.000
27.000
17.000
19.000
17.000
21.000
14.000
24.000
19.000
22.000
15.000
24.000
19.000
20.000
17.000
16.000
25.000
21.000
20.000
15.000
17.000
21.000
19.000
20.000
12.000
19.000
8.000
20.000
19.000
14.000
23.000
16.000
21.000
17.000
18.000
22.000
17.000
16.000
16.000
20.000
19.000
24.000
12.000
20.000
15.000
21.000
15.000
24.000
26.000
17.000
18.000
19.000
16.000
18.000
13.000
13.000
17.000
17.000
18.000
9.000
23.000
13.000
19.000
17.000
22.000
18.000
15.000
20.000
12.000
16.000
19.000
19.000
14.000
18.000
9.000
20.000
17.000
13.000
18.000
23.000
16.000
18.000
18.000
17.000
19.000
14.000
10.000
17.000
23.000
17.000
23.000
21.000
8.000
23.000
21.000
22.000
10.000
12.000
20.000
14.000
12.000
20.000
28.000
18.000
19.000
22.000
20.000
16.000
15.000
20.000
23.000
17.000
20.000
24.000
13.000
14.000
21.000
16.000
15.000
28.000
18.000
10.000
16.000
12.000
16.000
19.000
19.000
12.000
16.000
17.000
31.000
18.000
13.000
13.000
21.000
20.000
31.000
20.000
20.000
16.000
23.000
23.000
25.000
16.000
27.000
20.000
17.000
19.000
20.000
31.000
22.000
12.000
14.000
17.000
20.000
22.000
15.000
22.000
17.000
14.000
11.000
13.000
23.000
21.000
26.000
12.000
22.000
23.000
15.000
14.000
15.000
15.000
19.000
27.000
16.000
12.000
23.000
20.000
18.000
17.000
23.000
13.000
19.000
20.000
22.000
22.000
20.000
21.000
27.000
21.000
27.000
28.000
13.000
13.000
27.000
32.000
21.000
19.000
22.000
16.000
21.000
24.000
21.000
18.000
26.000
20.000
20.000
20.000
17.000
15.000
21.000
20.000
14.000
19.000
20.000
22.000
17.000
11.000
16.000
19.000
26.000
24.000
23.000
22.000
17.000
23.000
22.000
16.000
18.000
16.000
20.000
21.000
11.000
19.000
18.000
11.000
17.000
20.000
15.000
18.000
23.000
17.000
13.000
14.000
13.000
18.000
16.000
21.000
13.000
11.000
23.000
21.000
24.000
24.000
22.000
21.000
22.000
23.000
15.000
22.000
28.000
16.000
14.000
14.000
21.000
18.000
18.000
18.000
18.000
15.000
16.000
27.000
19.000
12.000
19.000
12.000
25.000
13.000
17.000
21.000
12.000
20.000
18.000
19.000
16.000
8.000
16.000
22.000
22.000
13.000
21.000
10.000
18.000
19.000
13.000
16.000
25.000
20.000
20.000
22.000
20.000
20.000
21.000
12.000
18.000
14.000
11.000
13.000
18.000
19.000
14.000
17.000
16.000
17.000
22.000
19.000
25.000
19.000
17.000
18.000
15.000
14.000
26.000
24.000
21.000
17.000
22.000
17.000
17.000
19.000
18.000
13.000
20.000
20.000
14.000
25.000
29.000
14.000
13.000
27.000
29.000
26.000
24.000
13.000
13.000
26.000
19.000
14.000
14.000
17.000
22.000
18.000
19.000
22.000
13.000
16.000
13.000
26.000
14.000
25.000
22.000
21.000
18.000
12.000
21.000
18.000
14.000
17.000
15.000
17.000
19.000
21.000
15.000
14.000
20.000
20.000
16.000
17.000
23.000
14.000
17.000
26.000
19.000
21.000
18.000
18.000
18.000
15.000
20.000
21.000
19.000
9.000
18.000
29.000
18.000
16.000
7.000
24.000
20.000
21.000
10.000
14.000
16.000
20.000
18.000
17.000
24.000
16.000
19.000
16.000
18.000
29.000
24.000
18.000
14.000
24.000
16.000
14.000
24.000
17.000
16.000
11.000
17.000
20.000
15.000
19.000
21.000
17.000
22.000
11.000
21.000
12.000
18.000
21.000
16.000
21.000
16.000
13.000
23.000
21.000
21.000
18.000
20.000
19.000
11.000
19.000
15.000
23.000
15.000
14.000
20.000
16.000
21.000
24.000
15.000
16.000
23.000
