6460.000
6382.000
6293.000
6437.000
6548.000
6302.000
6282.000
6431.000
6452.000
6302.000
6279.000
6372.000
6261.000
6282.000
6319.000
6447.000
6406.000
6333.000
6405.000
6367.000
6424.000
6413.000
6418.000
6313.000
6322.000
6388.000
6325.000
6314.000
6330.000
6157.000
6474.000
6341.000
6332.000
6389.000
6390.000
6586.000
6317.000
6304.000
6387.000
6386.000
6425.000
6421.000
6402.000
6317.000
6428.000
6523.000
6436.000
6477.000
6332.000
6429.000
6420.000
6451.000
6413.000
6548.000
6444.000
6316.000
6324.000
6291.000
6332.000
6383.000
6421.000
6377.000
6284.000
6318.000
6411.000
6352.000
6370.000
6232.000
6509.000
6399.000
6535.000
6301.000
6487.000
6344.000
6493.000
6456.000
6307.000
6430.000
6244.000
6264.000
6500.000
6424.000
6466.000
6520.000
6290.000
6464.000
6356.000
6475.000
6339.000
6319.000
6479.000
6524.000
6252.000
6243.000
6324.000
6322.000
6406.000
6325.000
6283.000
6229.000
6413.000
6416.000
6317.000
6418.000
6507.000
6471.000
6449.000
6406.000
6412.000
6398.000
6338.000
6421.000
6295.000
6412.000
6434.000
6325.000
6368.000
6437.000
6344.000
6367.000
6331.000
6391.000
6400.000
6382.000
6307.000
6461.000
6475.000
6489.000
6376.000
6529.000
6386.000
6377.000
6344.000
6334.000
6478.000
6390.000
6520.000
6315.000
6495.000
6359.000
6382.000
6410.000
6436.000
6583.000
6311.000
6280.000
6367.000
6128.000
6382.000
6453.000
6351.000
6234.000
6410.000
6380.000
6311.000
6351.000
6383.000
6383.000
6318.000
6438.000
6443.000
6445.000
6452.000
6355.000
6289.000
6412.000
6263.000
6305.000
6324.000
6435.000
6348.000
6323.000
6336.000
6431.000
6467.000
6281.000
6212.000
6188.000
6591.000
6296.000
6387.000
6314.000
6323.000
6499.000
6305.000
6296.000
6264.000
6388.000
6402.000
6279.000
6470.000
6411.000
6377.000
6272.000
6380.000
6257.000
6342.000
6380.000
6435.000
6435.000
