2296.000
2245.000
2212.000
2188.000
2210.000
2183.000
2234.000
2243.000
2236.000
2193.000
2351.000
2193.000
2221.000
2285.000
2184.000
2157.000
2262.000
2247.000
2237.000
2203.000
2209.000
2265.000
2293.000
2205.000
2296.000
2252.000
2144.000
2281.000
2268.000
2211.000
2288.000
2233.000
2245.000
2261.000
2224.000
2337.000
2265.000
2166.000
2331.000
2175.000
2205.000
2163.000
2253.000
2230.000
2257.000
2315.000
2238.000
2286.000
2243.000
2306.000
2171.000
2302.000
2229.000
2253.000
2227.000
2252.000
2190.000
2272.000
2241.000
2271.000
2213.000
2230.000
2193.000
2192.000
2249.000
2273.000
2216.000
2251.000
2306.000
2265.000
2298.000
2230.000
2268.000
2237.000
2272.000
2280.000
2209.000
2262.000
2270.000
2343.000
2201.000
2267.000
2198.000
2273.000
2274.000
2247.000
2239.000
2264.000
2267.000
2226.000
2288.000
2273.000
2232.000
2262.000
2264.000
2134.000
2255.000
2214.000
2207.000
2241.000
2185.000
2260.000
2250.000
2232.000
2255.000
2267.000
2261.000
2256.000
2274.000
2191.000
2224.000
2266.000
2266.000
2260.000
2194.000
2239.000
2154.000
2255.000
2212.000
2260.000
2229.000
2250.000
2250.000
2204.000
2190.000
2199.000
2278.000
2241.000
2183.000
2287.000
2255.000
2264.000
2265.000
2260.000
2207.000
2217.000
2277.000
2191.000
2205.000
2341.000
2314.000
2198.000
2250.000
2282.000
2247.000
2262.000
2166.000
2244.000
2299.000
2240.000
2228.000
2182.000
2174.000
2231.000
2154.000
2163.000
2238.000
2223.000
2170.000
2206.000
2193.000
2341.000
2252.000
2119.000
2236.000
2247.000
2170.000
2261.000
2193.000
2259.000
2217.000
2215.000
2189.000
2315.000
2310.000
2221.000
2339.000
2258.000
2213.000
2262.000
2225.000
2177.000
2211.000
2115.000
2228.000
2261.000
2227.000
2218.000
2248.000
2274.000
2206.000
2212.000
2281.000
2221.000
2283.000
2165.000
2259.000
2297.000
2279.000
2230.000
