2687.000
2711.000
2703.000
2738.000
2793.000
2727.000
2605.000
2647.000
2696.000
2719.000
2753.000
2632.000
2698.000
2813.000
2690.000
2685.000
2784.000
2666.000
2779.000
2754.000
2716.000
2699.000
2745.000
2755.000
2732.000
2719.000
2694.000
2669.000
2720.000
2763.000
2737.000
2849.000
2695.000
2702.000
2721.000
2780.000
2778.000
2757.000
2800.000
2725.000
2666.000
2791.000
2697.000
2741.000
2636.000
2767.000
2815.000
2751.000
2774.000
2715.000
2773.000
2623.000
2743.000
2743.000
2700.000
2738.000
2735.000
2702.000
2829.000
2766.000
2726.000
2703.000
2681.000
2752.000
2661.000
2672.000
2809.000
2667.000
2746.000
2648.000
2667.000
2854.000
2702.000
2799.000
2659.000
2690.000
2774.000
2769.000
2758.000
2650.000
2705.000
2699.000
2796.000
2704.000
2718.000
2662.000
2700.000
2678.000
2714.000
2676.000
2712.000
2771.000
2772.000
2704.000
2752.000
2701.000
2798.000
2791.000
2680.000
2792.000
2814.000
2791.000
2721.000
2723.000
2677.000
2744.000
2747.000
2748.000
2810.000
2768.000
2741.000
2757.000
2669.000
2764.000
2711.000
2700.000
2721.000
2793.000
2670.000
2721.000
2686.000
2717.000
2817.000
2732.000
2747.000
2669.000
2747.000
2713.000
2608.000
2762.000
2731.000
2842.000
2726.000
2793.000
2793.000
2694.000
2711.000
2714.000
2647.000
2698.000
2733.000
2771.000
2783.000
2644.000
2710.000
2778.000
2789.000
2778.000
2720.000
2790.000
2729.000
2640.000
2753.000
2764.000
2786.000
2826.000
2667.000
2842.000
2725.000
2730.000
2651.000
2719.000
2714.000
2653.000
2780.000
2749.000
2682.000
2667.000
2778.000
2655.000
2663.000
2804.000
2695.000
2712.000
2796.000
2774.000
2663.000
2702.000
2674.000
2746.000
2818.000
2771.000
2687.000
2817.000
2738.000
2773.000
2785.000
2775.000
2782.000
2763.000
2758.000
2763.000
2790.000
2789.000
2696.000
2716.000
2745.000
2871.000
2859.000
2766.000
