4839.000
4995.000
4757.000
4776.000
4884.000
4770.000
4877.000
4927.000
4789.000
4890.000
4732.000
4975.000
4913.000
4803.000
4851.000
4784.000
4773.000
4751.000
4840.000
4885.000
4844.000
4757.000
4821.000
4823.000
4984.000
4825.000
4827.000
4830.000
4835.000
4761.000
4796.000
4913.000
4723.000
4700.000
4850.000
4702.000
4819.000
4786.000
4949.000
4868.000
4946.000
4833.000
4849.000
4920.000
4794.000
4910.000
4720.000
4803.000
4851.000
4641.000
4880.000
4687.000
4805.000
4867.000
4853.000
4842.000
4754.000
4955.000
4668.000
4656.000
4895.000
4757.000
4840.000
4843.000
4877.000
4813.000
4853.000
4865.000
4726.000
4886.000
4816.000
4868.000
4782.000
4737.000
4986.000
4923.000
4882.000
4729.000
4884.000
4754.000
4774.000
4863.000
4725.000
4754.000
4964.000
4848.000
4773.000
4758.000
4879.000
4763.000
4666.000
4791.000
4797.000
4776.000
4803.000
4826.000
4927.000
4751.000
4688.000
4817.000
4857.000
4886.000
4753.000
4715.000
4941.000
4782.000
4807.000
4750.000
4811.000
4946.000
4849.000
4893.000
4729.000
4739.000
4861.000
4892.000
4916.000
4755.000
4766.000
4800.000
4877.000
4741.000
4738.000
4817.000
4812.000
4901.000
4769.000
4973.000
4860.000
4767.000
4795.000
4938.000
4797.000
4891.000
4704.000
4778.000
4821.000
4678.000
4862.000
4820.000
4897.000
4880.000
4790.000
4749.000
4859.000
4848.000
4829.000
4822.000
4685.000
4849.000
4877.000
4858.000
4763.000
4946.000
4820.000
4792.000
4818.000
4834.000
4822.000
4932.000
4912.000
4873.000
4793.000
4835.000
4817.000
4896.000
4749.000
4725.000
4804.000
4782.000
4803.000
4803.000
4785.000
4823.000
4714.000
4717.000
4813.000
4824.000
4751.000
4735.000
4738.000
5061.000
4809.000
4761.000
4818.000
4878.000
4807.000
4842.000
4845.000
4821.000
4805.000
4812.000
4744.000
4950.000
4839.000
4896.000
4816.000
4798.000
4862.000
4765.000
